%YAML:1.0
---
objects:
   -
      name: convenience_store
      points:
         - { time:3002, x:315, y:470 }
         - { time:3102, x:294, y:462 }
         - { time:3135, x:275, y:442 }
         - { time:3168, x:254, y:430 }
         - { time:3202, x:224, y:426 }
         - { time:3235, x:205, y:410 }
         - { time:3269, x:201, y:407 }
         - { time:3302, x:186, y:386 }
         - { time:3369, x:152, y:378 }
         - { time:3769, x:444, y:485 }
         - { time:3802, x:423, y:466 }
         - { time:3836, x:412, y:493 }
         - { time:3869, x:411, y:480 }
         - { time:3902, x:408, y:497 }
   -
      name: tjara
      points:
         - { time:4236, x:528, y:394 }
         - { time:4303, x:518, y:408 }
         - { time:4336, x:512, y:382 }
         - { time:4403, x:498, y:372 }
         - { time:4436, x:504, y:374 }
         - { time:4469, x:486, y:364 }
         - { time:4536, x:490, y:389 }
         - { time:4636, x:481, y:383 }
         - { time:4670, x:455, y:389 }
         - { time:4870, x:320, y:339 }
         - { time:4903, x:218, y:304 }
         - { time:4936, x:316, y:327 }
         - { time:4970, x:290, y:325 }
         - { time:5070, x:390, y:343 }
         - { time:5103, x:382, y:347 }
         - { time:5137, x:380, y:342 }
         - { time:5170, x:371, y:332 }
         - { time:5203, x:351, y:319 }
         - { time:5237, x:334, y:320 }
         - { time:5303, x:344, y:303 }
         - { time:5337, x:343, y:298 }
         - { time:5370, x:312, y:301 }
         - { time:5403, x:285, y:289 }
         - { time:5437, x:301, y:285 }
         - { time:5570, x:229, y:271 }
         - { time:5637, x:173, y:244 }
   -
      name: souvenir_shop77_delete_this
      points:
         - { time:3769, x:444, y:485 }
         - { time:3802, x:423, y:466 }
         - { time:3836, x:412, y:493 }
         - { time:3869, x:411, y:480 }
         - { time:3902, x:408, y:497 }
   -
      name: loveboat
      points:
         - { time:7405, x:1359, y:431 }
         - { time:7505, x:1360, y:390 }
         - { time:7539, x:1366, y:392 }
         - { time:7572, x:1377, y:392 }
         - { time:7605, x:1386, y:394 }
         - { time:7672, x:1396, y:391 }
         - { time:7705, x:1399, y:393 }
         - { time:7739, x:1406, y:386 }
         - { time:7772, x:1400, y:383 }
         - { time:7805, x:1405, y:393 }
         - { time:7839, x:1405, y:388 }
         - { time:7872, x:1414, y:386 }
         - { time:7972, x:1433, y:381 }
         - { time:8039, x:1438, y:377 }
         - { time:8072, x:1435, y:370 }
         - { time:8105, x:1444, y:360 }
         - { time:8139, x:1448, y:364 }
         - { time:8172, x:1455, y:358 }
         - { time:9172, x:1569, y:657 }
         - { time:9572, x:1559, y:656 }
         - { time:10172, x:1581, y:690 }
   -
      name: napolea
      points:
         - { time:13076, x:1508, y:503 }
         - { time:13543, x:1612, y:395 }
         - { time:13576, x:1624, y:408 }
         - { time:13610, x:1626, y:439 }
         - { time:13743, x:1630, y:557 }
         - { time:14743, x:1636, y:657 }
         - { time:15743, x:1636, y:667 }
         - { time:16743, x:1640, y:677 }
   -
      name: fig_tree
      points:
         - { time:27153, x:1772, y:641 }
         - { time:27653, x:1791, y:554 }
         - { time:27687, x:1789, y:570 }
         - { time:27887, x:1769, y:574 }
         - { time:27920, x:1761, y:576 }
         - { time:27953, x:1757, y:571 }
         - { time:28020, x:1745, y:578 }
         - { time:28087, x:1732, y:579 }
         - { time:28154, x:1722, y:590 }
         - { time:28187, x:1718, y:592 }
         - { time:28220, x:1707, y:604 }
         - { time:28254, x:1701, y:603 }
         - { time:28287, x:1695, y:618 }
         - { time:28320, x:1689, y:630 }
         - { time:28354, x:1683, y:626 }
         - { time:28387, x:1675, y:637 }
         - { time:28420, x:1667, y:654 }
         - { time:28454, x:1663, y:660 }
         - { time:28487, x:1652, y:650 }
         - { time:28520, x:1641, y:631 }
         - { time:28554, x:1632, y:612 }
         - { time:28587, x:1624, y:613 }
         - { time:28621, x:1612, y:592 }
         - { time:28654, x:1603, y:593 }
         - { time:28687, x:1594, y:580 }
         - { time:28721, x:1585, y:572 }
         - { time:28754, x:1575, y:570 }
         - { time:28787, x:1562, y:584 }
         - { time:28821, x:1555, y:597 }
         - { time:28854, x:1546, y:602 }
         - { time:28887, x:1538, y:615 }
         - { time:28921, x:1525, y:621 }
         - { time:28954, x:1517, y:647 }
         - { time:28987, x:1509, y:671 }
         - { time:29021, x:1504, y:684 }
         - { time:29054, x:1489, y:681 }
         - { time:29088, x:1478, y:683 }
         - { time:29121, x:1467, y:679 }
         - { time:29154, x:1462, y:666 }
         - { time:29188, x:1440, y:654 }
         - { time:29221, x:1431, y:645 }
         - { time:29254, x:1419, y:624 }
         - { time:29288, x:1411, y:613 }
         - { time:29321, x:1396, y:598 }
         - { time:29354, x:1387, y:597 }
         - { time:29388, x:1371, y:606 }
         - { time:29421, x:1359, y:621 }
         - { time:29454, x:1347, y:628 }
         - { time:29521, x:1325, y:630 }
         - { time:29555, x:1318, y:619 }
         - { time:29588, x:1300, y:616 }
         - { time:29621, x:1290, y:603 }
         - { time:29655, x:1278, y:601 }
         - { time:29721, x:1254, y:602 }
         - { time:29755, x:1239, y:613 }
         - { time:29788, x:1226, y:616 }
         - { time:29855, x:1199, y:627 }
         - { time:29888, x:1185, y:634 }
         - { time:29988, x:1149, y:624 }
         - { time:30022, x:1133, y:622 }
         - { time:30055, x:1126, y:614 }
         - { time:30088, x:1108, y:612 }
         - { time:30188, x:1070, y:573 }
         - { time:30355, x:999, y:542 }
         - { time:30455, x:948, y:564 }
         - { time:30489, x:938, y:539 }
         - { time:30522, x:924, y:529 }
         - { time:30555, x:905, y:523 }
         - { time:30722, x:820, y:507 }
         - { time:30755, x:804, y:492 }
         - { time:30822, x:776, y:487 }
         - { time:30856, x:756, y:480 }
         - { time:31356, x:487, y:462 }
         - { time:31456, x:414, y:451 }
         - { time:31556, x:333, y:437 }
   -
      name: stone bar
      points:
         - { time:34466, x:704, y:622 }
         - { time:35466, x:714, y:622 }
         - { time:35566, x:720, y:610 }
         - { time:36366, x:987, y:572 }
         - { time:36466, x:873, y:565 }
         - { time:36500, x:1039, y:567 }
         - { time:36633, x:1071, y:567 }
         - { time:36700, x:944, y:572 }
         - { time:36733, x:946, y:566 }
         - { time:36766, x:957, y:584 }
         - { time:36800, x:1053, y:573 }
         - { time:36833, x:1320, y:567 }
         - { time:36866, x:1035, y:570 }
         - { time:36933, x:1026, y:577 }
         - { time:36966, x:1074, y:555 }
   -
      name: bus_stop_delete
      points:
         - { time:35700, x:1309, y:254 }
   -
      name: bus_stop
      points:
         - { time:37366, x:247, y:366 }
         - { time:37466, x:284, y:377 }
         - { time:37600, x:280, y:459 }
         - { time:38300, x:465, y:355 }
         - { time:39300, x:480, y:375 }
   -
      name: olympus
      points:
         - { time:46667, x:805, y:325 }
         - { time:46867, x:794, y:313 }
         - { time:46934, x:784, y:326 }
         - { time:46967, x:790, y:315 }
         - { time:47001, x:782, y:312 }
         - { time:47034, x:784, y:307 }
         - { time:47067, x:780, y:310 }
         - { time:47134, x:777, y:303 }
         - { time:47168, x:775, y:286 }
         - { time:47201, x:774, y:296 }
         - { time:47234, x:770, y:289 }
         - { time:47268, x:774, y:279 }
         - { time:47301, x:772, y:264 }
         - { time:47334, x:765, y:275 }
         - { time:47368, x:764, y:260 }
         - { time:47401, x:761, y:269 }
         - { time:47434, x:760, y:262 }
